  1.000173  0.001036
  0.989448  0.004093
  0.957686  0.012848
  0.906118  0.026132
  0.836795  0.042240
  0.752548  0.059198
  0.656913  0.075016
  0.554002  0.087875
  0.448354  0.096282
  0.343801  0.098688
  0.245379  0.092263
  0.158798  0.078074
  0.088317  0.058721
  0.037172  0.037380
  0.007427  0.017083
  0.000000  0.000000
  0.014425 -0.011695
  0.049283 -0.016934
  0.102666 -0.016674
  0.172071 -0.012462
  0.254621 -0.006325
  0.347182 -0.000545
  0.447118  0.003085
  0.550526  0.005685
  0.652104  0.006991
  0.747452  0.006774
  0.832336  0.005303
  0.902899  0.003166
  0.955860  0.001042
  0.988699 -0.000484
  0.999827 -0.001036